  _elev,_surf |   ailrn,_surf |   ruddr,_surf |   nwhel,steer |   pitch,__deg |   _roll,__deg |   hding,_true |   hding,__mag | 
       -1.00000 |       1.00000 |       0.00837 |       0.00000 |      20.92587 |       0.63851 |      61.36792 |      50.03595 |
       -1.00000 |      -0.99200 |       0.00915 |       0.00000 |      20.76928 |       2.54319 |      61.18410 |      49.85213 |
        1.00000 |      -0.99200 |       0.00814 |       0.00000 |      20.15026 |       0.27396 |      61.01092 |      49.67896 |
       -1.00000 |       1.00000 |       0.00618 |       0.00000 |      21.50032 |      -2.33786 |      60.89753 |      49.56557 |
       -1.00000 |       1.00000 |       0.00713 |       0.00000 |      21.79446 |      -0.50534 |      60.81217 |      49.48022 |
        0.03033 |      -0.99200 |       0.00684 |       0.00000 |      21.26415 |       1.63525 |      60.70101 |      49.36906 |
        1.00000 |      -0.99200 |       0.00471 |       0.00000 |      21.83773 |      -0.68420 |      60.66843 |      49.33649 |
       -1.00000 |       1.00000 |       0.00171 |       0.00000 |      23.94970 |      -2.66825 |      60.69092 |      49.35898 |
       -1.00000 |       1.00000 |       0.00343 |       0.00000 |      24.46612 |      -0.41816 |      60.78098 |      49.44905 |
       -1.00000 |      -0.99200 |       0.00422 |       0.00000 |      23.55209 |       1.30219 |      60.79860 |      49.46667 |
       -0.04513 |      -0.10705 |       0.00455 |       0.00000 |      22.40184 |       0.20637 |      60.81031 |      49.47839 |
       -0.35854 |      -0.14733 |       0.00852 |       0.03630 |      21.86306 |      -0.25390 |      60.82016 |      49.48824 |
       -0.57719 |      -0.12191 |       0.00501 |       0.00000 |      21.39677 |      -0.73513 |      60.82701 |      49.49510 |
       -1.00000 |      -0.14148 |       0.00537 |       0.00000 |      20.64473 |      -1.03285 |      60.83064 |      49.49873 |
        1.00000 |      -0.17582 |       0.00627 |       0.00000 |      19.84107 |      -0.76172 |      60.81466 |      49.48276 |
        1.00000 |      -0.09154 |       0.00568 |       0.00000 |      21.38976 |      -0.45538 |      60.76203 |      49.43013 |
       -1.00000 |      -0.07839 |       0.00414 |       0.00000 |      24.24403 |      -0.68915 |      60.73900 |      49.40710 |
       -1.00000 |       1.00000 |       0.00374 |       0.00000 |      25.38843 |      -0.31820 |      60.78143 |      49.44954 |
       -1.00000 |      -0.09296 |       0.00892 |       0.03630 |      24.94974 |       1.60587 |      60.78355 |      49.45166 |
        1.00000 |      -0.99200 |       0.00530 |       0.00000 |      23.89660 |       1.36945 |      60.72759 |      49.39571 |
        1.00000 |       1.00000 |       0.00468 |       0.00000 |      25.09048 |       0.26030 |      60.74274 |      49.41086 |
       -1.00000 |       1.00000 |       0.00563 |       0.00000 |      27.33120 |       2.32616 |      60.78435 |      49.45248 |
       -1.00000 |      -0.10178 |       0.00675 |       0.00000 |      27.95330 |       4.07691 |      60.76087 |      49.42899 |
       -0.92902 |      -0.07545 |       0.00622 |       0.00000 |      27.19245 |       3.84253 |      60.63125 |      49.29939 |
       -0.07463 |      -0.13259 |       0.00596 |       0.00000 |      25.80764 |       3.49053 |      60.48827 |      49.15641 |
        1.00000 |       1.00000 |       0.00587 |      -0.00000 |      25.19358 |       3.81731 |      60.41078 |      49.07892 |
       -1.00000 |      -0.99200 |       0.00480 |       0.00000 |      26.14692 |       4.50657 |      60.47193 |      49.14008 |
       -1.00000 |       1.00000 |       0.00357 |       0.00000 |      26.10679 |       3.45816 |      60.52221 |      49.19036 |
        0.92086 |       1.00000 |       0.00383 |       0.00000 |      25.52975 |       5.23349 |      60.53616 |      49.20431 |
       -0.15197 |      -0.99200 |       0.00353 |       0.00000 |      26.35172 |       7.14390 |      60.69291 |      49.36107 |
       -1.00000 |      -0.12018 |       0.00154 |       0.00000 |      26.98856 |       6.03955 |      60.89458 |      49.56274 |
       -1.00000 |       1.00000 |       0.00091 |       0.00000 |      26.51610 |       5.77067 |      61.01714 |      49.68530 |
        0.00961 |      -0.99200 |       0.00079 |       0.00000 |      25.52902 |       7.05793 |      61.07183 |      49.73999 |
       -0.46520 |      -0.99200 |      -0.00016 |       0.00000 |      24.89953 |       5.55921 |      61.20792 |      49.87609 |
       -1.00000 |      -0.07520 |      -0.00025 |       0.00000 |      24.04738 |       3.79861 |      61.35608 |      50.02425 |
        1.00000 |       1.00000 |       0.00054 |       0.00000 |      22.72535 |       3.28726 |      61.48437 |      50.15255 |
        1.00000 |      -0.12382 |       0.00091 |       0.00000 |      23.14841 |       4.58336 |      61.69478 |      50.36296 |
       -1.00000 |      -0.99200 |      -0.00008 |       0.00000 |      24.99053 |       4.70649 |      62.06245 |      50.73064 |
       -1.00000 |       1.00000 |      -0.00166 |       0.00000 |      25.74052 |       3.49086 |      62.39731 |      51.06550 |
       -1.00000 |       1.00000 |      -0.00050 |       0.00000 |      25.24139 |       4.86499 |      62.62638 |      51.29458 |
        1.00000 |      -0.99200 |       0.00070 |       0.00000 |      24.09597 |       6.84059 |      62.70689 |      51.37509 |
        1.00000 |      -0.99200 |       0.00017 |       0.00000 |      24.58655 |       5.79533 |      62.96526 |      51.63346 |
       -1.00000 |      -0.09905 |      -0.00267 |       0.00000 |      26.31579 |       4.10511 |      63.41582 |      52.08402 |
       -1.00000 |       1.00000 |       0.01274 |       0.15810 |      26.88359 |       4.06263 |      63.82030 |      52.48851 |
       -0.34959 |      -0.99200 |      -0.00164 |       0.00000 |      26.26928 |       4.77570 |      64.09480 |      52.76301 |
        0.02958 |      -0.13653 |       0.00280 |       0.03631 |      25.43524 |       3.63445 |      64.29781 |      52.96602 |
        1.00000 |       1.00000 |       0.00045 |       0.00000 |      25.02649 |       3.24656 |      64.50160 |      53.16982 |
       -1.00000 |      -0.99200 |       0.00200 |       0.00000 |      25.76061 |       4.35943 |      64.71859 |      53.38681 |
       -1.00000 |      -0.99200 |       0.00229 |       0.00000 |      25.56791 |       3.09630 |      64.83466 |      53.50289 |
        1.00000 |       1.00000 |       0.00307 |       0.00000 |      24.77942 |       1.49446 |      64.90065 |      53.56888 |
        1.00000 |       1.00000 |       0.00449 |       0.00000 |      25.27986 |       2.45423 |      64.96808 |      53.63631 |
       -1.00000 |      -0.99200 |       0.00592 |       0.00000 |      26.82495 |       4.15924 |      65.05320 |      53.72144 |
       -1.00000 |      -0.99200 |       0.00510 |       0.00000 |      27.23971 |       3.21046 |      65.06129 |      53.72954 |
       -1.00000 |       1.00000 |       0.00436 |       0.00000 |      26.46088 |       1.42215 |      65.04887 |      53.71711 |
        1.00000 |       1.00000 |       0.00568 |       0.00000 |      25.04530 |       2.05485 |      65.00608 |      53.67433 |
        1.00000 |      -0.99200 |       0.00723 |       0.00000 |      24.87295 |       3.67374 |      64.92764 |      53.59589 |
       -1.00000 |      -0.99200 |       0.00611 |       0.00000 |      25.88666 |       2.87147 |      64.91305 |      53.58131 |
       -1.00000 |       1.00000 |       0.00421 |       0.00000 |      25.99956 |       1.13243 |      64.92429 |      53.59255 |
        0.96622 |       1.00000 |       0.00483 |       0.00000 |      25.28753 |       1.72491 |      64.93178 |      53.60004 |
        1.00000 |      -0.99200 |       0.00602 |       0.00000 |      25.55692 |       3.27077 |      64.92316 |      53.59142 |
       -1.00000 |      -0.99200 |       0.00425 |       0.00000 |      26.76408 |       2.49129 |      64.98277 |      53.65105 |
       -1.00000 |       1.00000 |       0.00171 |       0.00000 |      26.91978 |       0.93861 |      65.09700 |      53.76527 |
       -0.27519 |       1.00000 |       0.00224 |       0.00000 |      26.07469 |       1.65638 |      65.21473 |      53.88301 |
        1.00000 |      -0.99200 |       0.00396 |       0.00000 |      25.11577 |       3.09737 |      65.24931 |      53.91759 |
        1.00000 |      -0.99200 |       0.00362 |       0.00000 |      25.36541 |       2.28382 |      65.30695 |      53.97524 |
       -1.00000 |       1.00000 |       0.00075 |       0.00000 |      26.43387 |       0.87935 |      65.47245 |      54.14074 |
       -1.00000 |       1.00000 |       0.00055 |       0.00000 |      26.50479 |       1.58901 |      65.66817 |      54.33646 |
       -0.14935 |      -0.99200 |       0.00232 |       0.00000 |      25.64354 |       2.99029 |      65.77738 |      54.44568 |
        1.00000 |      -0.99200 |       0.00331 |       0.00000 |      24.72118 |       2.40347 |      65.81182 |      54.48012 |
        1.00000 |       1.00000 |       0.00222 |       0.00000 |      24.90893 |       0.90445 |      65.91163 |      54.57993 |
       -1.00000 |       1.00000 |       0.00154 |       0.00000 |      25.90582 |       1.51652 |      66.08199 |      54.75029 |
       -1.00000 |      -0.99200 |       0.00282 |       0.00000 |      25.93174 |       2.87605 |      66.20927 |      54.87757 |
        0.97001 |      -0.99200 |       0.00340 |       0.00000 |      25.18207 |       2.25372 |      66.24567 |      54.91399 |
        1.00000 |       1.00000 |       0.00212 |       0.00000 |      25.27250 |       0.99439 |      66.34151 |      55.00982 |
       -1.00000 |       1.00000 |       0.00145 |       0.00000 |      26.03942 |       1.66142 |      66.51466 |      55.18298 |
       -1.00000 |      -0.99200 |       0.00279 |       0.00000 |      25.86961 |       2.95234 |      66.63433 |      55.30265 |
        1.00000 |      -0.99200 |       0.00359 |       0.00000 |      24.85470 |       2.27819 |      66.65604 |      55.32437 |
        1.00000 |       1.00000 |       0.00255 |       0.00000 |      24.71324 |       1.06082 |      66.72923 |      55.39756 |
       -1.00000 |       1.00000 |       0.00204 |       0.00000 |      25.23403 |       1.60665 |      66.86130 |      55.52963 |
       -1.00000 |      -0.99200 |       0.00330 |       0.00000 |      24.98677 |       2.91447 |      66.95193 |      55.62027 |
        1.00000 |      -0.99200 |       0.00436 |       0.00000 |      23.94237 |       2.49464 |      66.93887 |      55.60720 |
        1.00000 |       1.00000 |       0.00353 |       0.00000 |      23.68879 |       1.28151 |      66.96679 |      55.63513 |
       -1.00000 |       1.00000 |       0.00277 |       0.00000 |      24.19628 |       1.74511 |      67.07241 |      55.74076 |
       -1.00000 |      -0.99200 |       0.00384 |       0.00000 |      23.94456 |       2.97239 |      67.13525 |      55.80360 |
        1.00000 |      -0.99200 |       0.00475 |       0.00000 |      22.89725 |       2.54860 |      67.10146 |      55.76981 |
        1.00000 |       1.00000 |       0.00381 |       0.00000 |      22.58142 |       1.31673 |      67.11349 |      55.78185 |
       -1.00000 |       1.00000 |       0.00291 |       0.00000 |      22.95849 |       1.70149 |      67.20194 |      55.87030 |
       -1.00000 |      -0.99200 |       0.00393 |       0.00000 |      22.54132 |       2.91381 |      67.25618 |      55.92454 |
        1.00000 |      -0.99200 |       0.00490 |       0.00000 |      21.30540 |       2.42034 |      67.21004 |      55.87841 |
        1.00000 |       1.00000 |       0.00390 |       0.00000 |      20.92870 |       1.11752 |      67.21619 |      55.88456 |
       -1.00000 |       1.00000 |       0.00297 |       0.00000 |      21.23813 |       1.55042 |      67.29967 |      55.96804 |
       -1.00000 |      -0.99200 |       0.00393 |       0.00000 |      20.73652 |       2.65331 |      67.34605 |      56.01443 |
        1.00000 |      -0.99200 |       0.00486 |       0.00000 |      19.50370 |       2.15153 |      67.30714 |      55.97552 |
        1.00000 |       1.00000 |       0.00383 |       0.00000 |      19.12921 |       1.07059 |      67.31977 |      55.98815 |
       -0.65240 |       1.00000 |       0.00312 |       0.00000 |      19.40203 |       1.73879 |      67.39946 |      56.06784 |
       -1.00000 |      -0.99200 |       0.00408 |       0.00000 |      18.95758 |       2.80724 |      67.44026 |      56.10865 |
        1.00000 |      -0.99200 |       0.00455 |       0.00000 |      17.89646 |       2.14949 |      67.41236 |      56.08075 |
        1.00000 |       1.00000 |       0.00311 |       0.00000 |      17.69862 |       1.07771 |      67.45148 |      56.11988 |
       -1.00000 |       1.00000 |       0.00204 |       0.00000 |      17.96810 |       1.61553 |      67.57214 |      56.24053 |
       -1.00000 |      -0.99200 |       0.00309 |       0.00000 |      17.24703 |       2.68237 |      67.65206 |      56.32047 |
        1.00000 |      -0.99200 |       0.00388 |       0.00000 |      15.95539 |       2.01030 |      67.65047 |      56.31888 |
        1.00000 |       1.00000 |       0.00280 |       0.00000 |      15.57734 |       1.00952 |      67.70440 |      56.37281 |
        1.00000 |       1.00000 |       0.00199 |       0.00000 |      16.01151 |       1.65606 |      67.83201 |      56.50042 |
       -1.00000 |      -0.99200 |       0.00224 |       0.00000 |      16.72843 |       2.70913 |      67.98219 |      56.65060 |
       -1.00000 |      -0.99200 |       0.00158 |       0.00000 |      16.52171 |       2.18242 |      68.10123 |      56.76965 |
        1.00000 |       1.00000 |       0.00028 |       0.00000 |      15.56896 |       1.12484 |      68.25571 |      56.92413 |
        1.00000 |       1.00000 |      -0.00000 |       0.00000 |      15.34742 |       1.74803 |      68.45443 |      57.12286 |
        0.11917 |      -0.99200 |       0.00082 |       0.00000 |      15.58283 |       2.76694 |      68.63518 |      57.30360 |
       -1.00000 |      -0.99200 |       0.00060 |       0.00000 |      15.49922 |       2.30972 |      68.81435 |      57.48278 |
        0.40389 |       1.00000 |      -0.00054 |       0.00000 |      14.60011 |       1.29813 |      69.00715 |      57.67558 |
        1.00000 |       1.00000 |      -0.00018 |       0.00000 |      14.00537 |       2.04208 |      69.22608 |      57.89452 |
        1.00000 |      -0.99200 |       0.00120 |       0.00000 |      14.14387 |       2.92602 |      69.41314 |      58.08158 |
       -1.00000 |      -0.99200 |       0.00045 |       0.00000 |      14.41433 |       2.12912 |      69.60316 |      58.27160 |
       -1.00000 |       1.00000 |      -0.00090 |       0.00000 |      13.65419 |       1.21357 |      69.80775 |      58.47620 |
        1.00000 |       1.00000 |       0.00031 |       0.00000 |      12.45216 |       1.96372 |      69.99097 |      58.65943 |
        1.00000 |      -0.99200 |       0.00238 |       0.00000 |      12.09959 |       2.76695 |      70.12649 |      58.79494 |
        1.00000 |      -0.99200 |       0.00173 |       0.00000 |      12.54864 |       1.82969 |      70.25945 |      58.92790 |
        1.00000 |      -0.99200 |      -0.00094 |       0.00000 |      13.54796 |       0.02453 |      70.47346 |      59.14193 |
        1.00000 |      -0.99200 |      -0.00445 |       0.00000 |      14.80308 |      -2.09189 |      70.76599 |      59.43446 |
        1.00000 |      -0.99200 |      -0.00808 |       0.00000 |      16.21958 |      -4.47436 |      71.14227 |      59.81074 |
        1.00000 |      -0.99200 |      -0.01129 |       0.00000 |      17.70902 |      -7.24804 |      71.58150 |      60.24997 |
        1.00000 |      -0.99200 |      -0.01435 |       0.00000 |      19.33307 |     -11.09202 |      72.13839 |      60.80687 |
        1.00000 |      -0.99200 |      -0.01514 |       0.00000 |      20.70709 |     -16.05399 |      72.70923 |      61.37771 |
        1.00000 |      -0.99200 |      -0.01485 |       0.00000 |      21.72993 |     -22.40968 |      73.25511 |      61.92360 |
        1.00000 |      -0.99200 |      -0.01586 |       0.00000 |      22.45916 |     -29.33053 |      73.80984 |      62.47832 |
       -1.00000 |       1.00000 |      -0.01777 |       0.00000 |      22.76018 |     -35.61243 |      74.74072 |      63.40921 |
       -1.00000 |       1.00000 |      -0.01675 |       0.00000 |      22.42532 |     -39.71029 |      76.19005 |      64.85854 |
       -1.00000 |       1.00000 |      -0.01390 |       0.00000 |      21.55615 |     -41.31449 |      78.19280 |      66.86130 |
       -1.00000 |       1.00000 |      -0.00821 |       0.00000 |      20.28599 |     -40.63046 |      80.25826 |      68.92676 |
       -1.00000 |       1.00000 |      -0.00170 |       0.00000 |      18.60812 |     -38.90088 |      82.25282 |      70.92132 |
       -1.00000 |       1.00000 |       0.00499 |       0.00000 |      16.56339 |     -36.76688 |      84.06416 |      72.73266 |
       -1.00000 |       1.00000 |       0.01202 |       0.00000 |      13.97603 |     -34.32470 |      85.76199 |      74.43050 |
       -1.00000 |       1.00000 |       0.01836 |       0.00000 |      11.30101 |     -32.06205 |      87.04523 |      75.71374 |
       -1.00000 |       1.00000 |       0.02463 |       0.00000 |       8.38070 |     -29.81964 |      88.04207 |      76.71059 |
        1.00000 |       1.00000 |       0.03208 |       0.00000 |       5.40586 |     -27.58945 |      88.58179 |      77.25031 |
        1.00000 |       1.00000 |       0.04040 |       0.00000 |       2.91425 |     -25.45773 |      88.38937 |      77.05789 |
        1.00000 |       1.00000 |       0.04969 |       0.00000 |       0.93553 |     -23.33259 |      87.47144 |      76.13997 |
       -0.50847 |       1.00000 |       0.05928 |       0.00000 |      -0.79747 |     -21.23288 |      86.04292 |      74.71145 |
       -1.00000 |       1.00000 |       0.07045 |       0.00000 |      -3.13012 |     -18.88929 |      84.15327 |      72.82181 |
        1.00000 |       1.00000 |       0.08064 |       0.00000 |      -5.37897 |     -16.49588 |      81.79495 |      70.46349 |
        1.00000 |       1.00000 |       0.08931 |       0.00000 |      -6.56207 |     -14.06103 |      78.89575 |      67.56429 |
        1.00000 |       1.00000 |       0.09595 |       0.00000 |      -6.67934 |     -11.37437 |      75.29739 |      63.96593 |
       -1.00000 |       1.00000 |       0.09905 |       0.00000 |      -6.65294 |      -8.57566 |      71.23093 |      59.89948 |
       -1.00000 |       1.00000 |       0.09822 |       0.00000 |      -8.01814 |      -5.88664 |      67.39465 |      56.06320 |
        1.00000 |       1.00000 |       0.09381 |       0.00000 |      -8.94332 |      -3.37018 |      64.00752 |      52.67607 |
        1.00000 |      -0.99200 |       0.08405 |       0.00000 |      -8.44678 |      -2.54028 |      60.43603 |      49.10459 |
       -1.00000 |       1.00000 |       0.06998 |       0.00000 |      -8.10286 |      -2.05144 |      57.42895 |      46.09751 |
       -1.00000 |       1.00000 |       0.05936 |       0.00000 |      -8.95059 |      -0.07656 |      55.05571 |      43.72428 |
        1.00000 |       1.00000 |       0.04860 |       0.00000 |      -9.43297 |       2.69388 |      52.98389 |      41.65246 |
       -1.00000 |      -0.99200 |       0.03718 |       0.00000 |      -8.62187 |       2.99350 |      51.50674 |      40.17531 |
       -1.00000 |      -0.99200 |       0.02357 |       0.00000 |      -8.35991 |       0.90763 |      50.55263 |      39.22121 |
       -1.00000 |       1.00000 |       0.01163 |       0.00000 |      -9.10736 |       0.44479 |      50.15066 |      38.81924 |
        1.00000 |       1.00000 |       0.00149 |       0.00000 |      -9.57354 |       2.02959 |      50.13854 |      38.80713 |
        1.00000 |       1.00000 |      -0.00781 |       0.00000 |      -8.81262 |       4.58659 |      50.56219 |      39.23077 |
       -1.00000 |      -0.99200 |      -0.01743 |       0.00000 |      -8.26876 |       4.96962 |      51.33925 |      40.00784 |
       -1.00000 |       0.67226 |      -0.02570 |       0.00000 |      -8.98481 |       5.18063 |      52.36536 |      41.03395 |
        1.00000 |       1.00000 |      -0.03064 |       0.00000 |      -9.37889 |       7.01676 |      53.64843 |      42.31702 |
        1.00000 |      -0.99200 |      -0.03472 |       0.00000 |      -8.34448 |       7.12715 |      55.26545 |      43.93406 |
       -1.00000 |       1.00000 |      -0.03848 |       0.00000 |      -7.25650 |       7.17240 |      57.10316 |      45.77177 |
       -1.00000 |       1.00000 |      -0.03640 |       0.00000 |      -7.86561 |       9.69871 |      58.83473 |      47.50334 |
        1.00000 |      -0.99200 |      -0.03361 |       0.00000 |      -8.49886 |      10.61045 |      60.26991 |      48.93853 |
       -0.27630 |      -0.20611 |      -0.07559 |      -0.44194 |      -7.39203 |       9.00275 |      62.11603 |      50.78465 |
       -0.11059 |      -0.43053 |      -0.07372 |      -0.44194 |      -6.28299 |       7.83988 |      63.81071 |      52.47933 |
        0.01264 |      -0.64730 |      -0.04896 |      -0.21837 |      -6.03696 |       6.44622 |      65.15346 |      53.82208 |
        0.02987 |      -0.68545 |      -0.02372 |       0.00000 |      -5.70647 |       5.09317 |      66.34069 |      55.00932 |
       -0.05659 |      -0.76720 |      -0.03979 |      -0.21837 |      -4.68809 |       3.48041 |      67.51080 |      56.17943 |
        0.08659 |      -0.94884 |      -0.05631 |      -0.44194 |      -3.89845 |       1.46801 |      68.41325 |      57.08189 |
        0.16639 |      -0.99200 |      -0.05115 |      -0.44194 |      -3.67046 |      -1.21858 |      68.97410 |      57.64274 |
        0.13429 |       1.00000 |      -0.03360 |      -0.16906 |      -3.07751 |      -2.04104 |      69.31154 |      57.98019 |
        0.15026 |      -0.84560 |       0.00632 |      -0.00691 |      -2.27451 |      -1.81374 |      69.33806 |      58.00671 |
       -1.00000 |      -0.78178 |       0.01180 |       0.00000 |      -2.18657 |      -3.72479 |      69.15226 |      57.82092 |
        1.00000 |      -0.67735 |       0.01103 |      -0.05524 |      -2.16682 |      -6.41679 |      68.72731 |      57.39597 |
        1.00000 |      -0.63950 |       0.01256 |      -0.05524 |      -0.54655 |      -8.82490 |      68.01579 |      56.68446 |
       -1.00000 |      -0.57790 |       0.01905 |       0.00000 |       1.04136 |     -10.39628 |      67.22791 |      55.89658 |
        0.21163 |      -0.36065 |      -0.02313 |      -0.44194 |       0.86351 |     -12.39438 |      66.60441 |      55.27308 |
        0.09361 |      -0.15698 |      -0.05195 |      -0.76169 |       0.43604 |     -13.97430 |      65.91063 |      54.57931 |
       -0.05062 |      -0.07973 |       0.00685 |      -0.21837 |       0.13555 |     -14.70249 |      64.98990 |      53.65858 |
       -0.04831 |      -0.06013 |       0.03052 |      -0.00691 |      -0.14069 |     -14.89717 |      64.05679 |      52.72547 |
        1.00000 |      -0.08802 |       0.03197 |       0.00000 |       0.32417 |     -14.96780 |      62.87881 |      51.54750 |
        0.19963 |      -0.12410 |       0.03167 |      -0.00000 |       1.78925 |     -14.20098 |      61.43518 |      50.10387 |
       -1.00000 |       1.00000 |       0.03095 |       0.00000 |       2.70935 |     -12.93558 |      60.15331 |      48.82201 |
       -1.00000 |       1.00000 |       0.03091 |       0.00000 |       2.03317 |     -10.33739 |      59.25808 |      47.92678 |
        1.00000 |      -0.10827 |       0.02909 |       0.00000 |       1.09159 |      -8.71458 |      58.44308 |      47.11179 |
        1.00000 |       1.00000 |       0.02565 |       0.00000 |       2.01901 |      -7.65590 |      57.45741 |      46.12613 |
       -1.00000 |      -0.12636 |       0.02263 |       0.00000 |       3.86837 |      -5.40734 |      56.44371 |      45.11243 |
       -1.00000 |      -0.10109 |       0.01797 |       0.00000 |       3.90950 |      -5.05602 |      55.86785 |      44.53657 |
       -1.00000 |      -0.12699 |       0.01308 |       0.00000 |       2.43031 |      -4.51841 |      55.57260 |      44.24133 |
        0.02196 |      -0.08700 |       0.00900 |       0.00000 |       1.39801 |      -3.74570 |      55.43448 |      44.10321 |
       -0.10653 |      -0.04563 |       0.00500 |       0.00000 |       1.28762 |      -3.64401 |      55.38099 |      44.04972 |
       -0.21571 |      -0.02816 |       0.00126 |       0.00000 |       1.36948 |      -3.80817 |      55.47131 |      44.14005 |
       -1.00000 |      -0.02956 |      -0.00098 |       0.00000 |       1.07424 |      -3.46834 |      55.68401 |      44.35275 |
        1.00000 |      -0.02785 |      -0.00253 |       0.00000 |       0.51192 |      -3.31517 |      55.97865 |      44.64740 |
        1.00000 |       1.00000 |      -0.00327 |       0.00000 |       1.47771 |      -2.66635 |      56.26567 |      44.93442 |
       -1.00000 |       1.00000 |      -0.00271 |       0.00000 |       3.66981 |      -0.41662 |      56.53199 |      45.20074 |
       -0.28628 |      -0.99200 |      -0.00162 |       0.00000 |       4.22049 |       1.07287 |      56.79444 |      45.46320 |
       -1.00000 |       1.00000 |      -0.00197 |       0.00000 |       3.76112 |       0.33960 |      57.08836 |      45.75713 |
       -0.26039 |      -0.05367 |      -0.00021 |       0.00000 |       2.92211 |       2.35194 |      57.31580 |      45.98456 |
       -0.30707 |      -0.01739 |       0.00090 |       0.00000 |       2.54672 |       3.18403 |      57.48296 |      46.15173 |
       -0.34686 |      -0.01060 |       0.00185 |       0.00000 |       2.03969 |       3.34939 |      57.60083 |      46.26960 |
       -0.38199 |      -0.01931 |       0.00287 |      -0.00000 |       1.41376 |       3.58011 |      57.67151 |      46.34029 |
       -0.40124 |       1.00000 |       0.00800 |       0.03630 |       0.73031 |       4.89267 |      57.67972 |      46.34850 |
       -0.42604 |      -0.05764 |       0.00493 |      -0.00000 |       0.48161 |       6.98679 |      57.66283 |      46.33162 |
       -0.43093 |      -0.99200 |       0.00800 |       0.03630 |       0.27377 |       6.58535 |      57.64891 |      46.31770 |
       -0.40627 |      -0.07398 |       0.00841 |       0.03630 |      -0.13160 |       6.12649 |      57.62241 |      46.29120 |
       -0.31835 |      -0.09926 |       0.00447 |      -0.00000 |      -0.62199 |       6.07020 |      57.58635 |      46.25515 |
       -0.28548 |      -0.14720 |       0.00464 |       0.00000 |      -0.81479 |       6.89545 |      57.58280 |      46.25160 |
       -0.28072 |       1.00000 |       0.00489 |       0.00000 |      -0.43079 |       9.00517 |      57.64878 |      46.31759 |
       -0.18098 |      -0.99200 |       0.00326 |       0.00000 |      -0.02492 |       9.36098 |      57.75389 |      46.42270 |
       -0.08900 |      -0.11822 |       0.00102 |       0.00000 |       0.36278 |       7.19545 |      57.93293 |      46.60175 |
       -1.00000 |       1.00000 |       0.00070 |       0.00000 |       0.18594 |       7.79781 |      58.09415 |      46.76297 |
        0.08884 |       1.00000 |       0.00091 |       0.00000 |      -0.82029 |      10.64492 |      58.09595 |      46.76478 |
        0.02208 |      -0.99200 |      -0.00069 |       0.00000 |      -1.21381 |      11.39870 |      58.20895 |      46.87777 |
        1.00000 |      -0.99200 |      -0.00288 |       0.00000 |      -0.36304 |       9.02404 |      58.62085 |      47.28968 |
       -1.00000 |       1.00000 |      -0.00535 |       0.00000 |       1.35062 |       7.80669 |      59.23892 |      47.90775 |
       -1.00000 |       1.00000 |      -0.00366 |       0.00000 |       1.45768 |      10.30397 |      59.65255 |      48.32139 |
       -1.00000 |      -0.99200 |      -0.00314 |       0.00000 |       0.28599 |      11.49263 |      59.72801 |      48.39686 |
        1.00000 |      -0.99200 |      -0.00331 |       0.00000 |      -0.68717 |       8.91725 |      59.88867 |      48.55752 |
        1.00000 |       1.00000 |      -0.00352 |       0.00000 |       1.07828 |       7.80308 |      60.48914 |      49.15799 |
       -1.00000 |       1.00000 |      -0.00168 |       0.00000 |       3.13141 |      10.33863 |      61.11187 |      49.78073 |
       -1.00000 |      -0.99200 |      -0.00080 |       0.00000 |       3.21015 |      10.83733 |      61.37093 |      50.03979 |
       -1.00000 |      -0.99200 |      -0.00140 |       0.00000 |       1.73358 |       7.97801 |      61.39050 |      50.05937 |
        1.00000 |       1.00000 |       0.00042 |       0.00000 |       0.92156 |       7.42469 |      61.50615 |      50.17503 |
        1.00000 |       1.00000 |       0.00218 |       0.00000 |       2.59421 |       9.99979 |      61.90356 |      50.57244 |
       -1.00000 |      -0.99200 |       0.00197 |       0.00000 |       4.56040 |      10.67723 |      62.37246 |      51.04135 |
       -1.00000 |      -0.99200 |      -0.00093 |       0.00000 |       4.71897 |       8.04873 |      62.60454 |      51.27343 |
       -1.00000 |       1.00000 |      -0.00063 |       0.00000 |       3.35443 |       7.55688 |      62.68017 |      51.34907 |
        1.00000 |       0.43711 |       0.00051 |       0.00000 |       2.59317 |       9.51567 |      62.77752 |      51.44641 |
        1.00000 |      -0.99200 |      -0.00074 |       0.00000 |       4.40722 |       9.11869 |      63.28716 |      51.95606 |
       -1.00000 |      -0.99200 |      -0.00548 |       0.00000 |       6.47794 |       6.17296 |      63.93700 |      52.60591 |
       -1.00000 |       1.00000 |      -0.00531 |       0.00000 |       6.49334 |       6.34601 |      64.40494 |      53.07385 |
        1.00000 |      -0.99200 |      -0.00335 |       0.00000 |       5.01530 |       5.61169 |      64.61586 |      53.28478 |
        1.00000 |      -0.99200 |      -0.00248 |       0.00000 |       4.93034 |       2.58107 |      64.90784 |      53.57677 |
       -1.00000 |       1.00000 |      -0.00040 |       0.00000 |       5.25615 |       2.48728 |      65.17145 |      53.84038 |
       -1.00000 |       1.00000 |       0.00316 |       0.00000 |       4.24291 |       5.42307 |      65.23785 |      53.90679 |
       -1.00000 |      -0.99200 |       0.00413 |       0.00000 |       2.36589 |       5.40183 |      65.10009 |      53.76903 |
        1.00000 |      -0.99200 |       0.00573 |       0.00000 |       1.82094 |       2.59630 |      65.04021 |      53.70916 |
        1.00000 |       1.00000 |       0.00754 |       0.00000 |       3.95296 |       2.54560 |      65.04391 |      53.71287 |
       -1.00000 |       1.00000 |       0.00957 |       0.00000 |       6.01610 |       5.25176 |      65.02614 |      53.69510 |
       -1.00000 |      -0.99200 |       0.00916 |       0.00000 |       6.22535 |       5.03304 |      64.84981 |      53.51877 |
       -1.00000 |      -0.99200 |       0.00769 |       0.00000 |       5.08404 |       2.20688 |      64.65357 |      53.32254 |
       -1.00000 |       1.00000 |       0.00850 |       0.00000 |       2.98044 |       2.15098 |      64.46012 |      53.12910 |
        1.00000 |       0.58875 |       0.00769 |       0.00000 |       2.26960 |       4.26524 |      64.30619 |      52.97517 |
        0.21536 |      -0.99200 |       0.00499 |       0.00000 |       3.52027 |       3.60996 |      64.35334 |      53.02232 |
       -1.00000 |      -0.99200 |       0.00191 |       0.00000 |       4.30450 |       0.62656 |      64.46563 |      53.13462 |
       -1.00000 |       1.00000 |       0.00213 |       0.00000 |       3.74295 |       0.56896 |      64.58755 |      53.25655 |
       -1.00000 |       1.00000 |       0.00252 |       0.00000 |       2.20322 |       3.31333 |      64.63682 |      53.30582 |
       -0.07098 |      -0.99200 |       0.00073 |       0.00000 |       0.64564 |       3.90275 |      64.67079 |      53.33980 |
        1.00000 |      -0.99200 |       0.00032 |       0.00000 |       0.84977 |       1.25264 |      64.84440 |      53.51341 |
       -1.00000 |       1.00000 |       0.00100 |       0.00000 |       1.99450 |       0.66866 |      65.03818 |      53.70720 |
       -1.00000 |      -0.13059 |       0.00156 |       0.00000 |       1.75248 |       1.61971 |      65.17253 |      53.84156 |
       -1.00000 |      -0.99200 |       0.00177 |       0.00000 |       0.46028 |       0.19214 |      65.28004 |      53.94907 |
       -1.00000 |      -0.25187 |       0.00383 |       0.00000 |      -1.55681 |      -1.95012 |      65.39711 |      54.06615 |
        1.00000 |       1.00000 |       0.00626 |       0.00000 |      -2.48237 |      -1.45698 |      65.41543 |      54.08447 |
        1.00000 |      -0.99200 |       0.00467 |       0.00000 |      -0.53525 |      -1.50963 |      65.35846 |      54.02750 |
       -1.00000 |      -0.99200 |       0.00113 |       0.00000 |       1.90483 |      -4.35260 |      65.34258 |      54.01163 |
       -1.00000 |       1.00000 |       0.00086 |       0.00000 |       2.47200 |      -5.45858 |      65.48864 |      54.15770 |
       -1.00000 |       1.00000 |       0.00420 |       0.00000 |       1.38121 |      -2.62220 |      65.65765 |      54.32671 |
       -1.00000 |      -0.99200 |       0.00520 |       0.00000 |      -0.58473 |      -2.04708 |      65.72776 |      54.39683 |
        1.00000 |      -0.99200 |       0.00715 |       0.00000 |      -1.60930 |      -4.95782 |      65.71304 |      54.38211 |
        1.00000 |       1.00000 |       0.00909 |       0.00000 |       0.29903 |      -5.57250 |      65.38706 |      54.05614 |
       -1.00000 |       1.00000 |       0.01159 |       0.00000 |       2.68536 |      -2.78555 |      64.96923 |      53.63832 |
       -1.00000 |      -0.99200 |       0.01159 |       0.00000 |       2.97787 |      -3.05040 |      64.66917 |      53.33826 |
       -1.00000 |      -0.99200 |       0.01050 |       0.00000 |       1.69992 |      -6.24450 |      64.53148 |      53.20058 |
       -1.00000 |       1.00000 |       0.01208 |       0.00000 |      -0.54976 |      -6.21570 |      64.52684 |      53.19595 |
        1.00000 |       1.00000 |       0.01204 |       0.00000 |      -1.28765 |      -3.30112 |      64.32014 |      52.98925 |
        1.00000 |      -0.99200 |       0.00944 |       0.00000 |       0.80132 |      -3.37873 |      63.99042 |      52.65954 |
       -1.00000 |      -0.99200 |       0.00500 |       0.00000 |       2.85799 |      -6.26830 |      63.75977 |      52.42889 |
       -1.00000 |       1.00000 |       0.00482 |       0.00000 |       3.08986 |      -6.21539 |      63.75673 |      52.42586 |
       -1.00000 |       1.00000 |       0.00680 |       0.00000 |       1.88274 |      -3.30973 |      63.81531 |      52.48444 |
       -1.00000 |      -0.99200 |       0.00651 |       0.00000 |      -0.23676 |      -3.40214 |      63.86364 |      52.53278 |
        1.00000 |      -0.99200 |       0.00720 |       0.00000 |      -0.91921 |      -6.41086 |      63.82462 |      52.49377 |
        0.37303 |       1.00000 |       0.00873 |       0.00000 |       0.57761 |      -6.44976 |      63.51927 |      52.18842 |
       -1.00000 |       1.00000 |       0.01053 |       0.00000 |       1.69923 |      -3.58861 |      63.22025 |      51.88940 |
       -1.00000 |      -0.99200 |       0.00979 |       0.00000 |       1.30443 |      -3.72287 |      63.03607 |      51.70523 |
       -1.00000 |      -0.99200 |       0.00938 |       0.00000 |      -0.32168 |      -6.98478 |      63.00134 |      51.67050 |
       -0.68655 |       1.00000 |       0.01134 |       0.00000 |      -2.44190 |      -6.88882 |      63.02840 |      51.69757 |
        1.00000 |       1.00000 |       0.01075 |       0.00000 |      -2.62714 |      -3.82832 |      62.81641 |      51.48559 |
       -1.00000 |      -0.99200 |       0.00837 |       0.00000 |      -1.97984 |      -3.88690 |      62.61337 |      51.28255 |
       -1.00000 |      -0.99200 |       0.00740 |       0.00000 |      -2.42492 |      -6.73839 |      62.55502 |      51.22421 |
       -1.00000 |       1.00000 |       0.00913 |       0.00000 |      -3.89055 |      -6.57124 |      62.58361 |      51.25281 |
        1.00000 |       1.00000 |       0.00902 |       0.00000 |      -3.77309 |      -3.35811 |      62.42045 |      51.08965 |
       -1.00000 |      -0.99200 |       0.00697 |       0.00000 |      -2.92752 |      -3.52507 |      62.26440 |      50.93360 |
       -1.00000 |      -0.99200 |       0.00607 |       0.00000 |      -3.33481 |      -6.45149 |      62.25279 |      50.92200 |
       -1.00000 |       1.00000 |       0.00802 |       0.00000 |      -4.81842 |      -6.28240 |      62.33060 |      50.99981 |
        1.00000 |       1.00000 |       0.00833 |       0.00000 |      -4.84390 |      -3.25895 |      62.22102 |      50.89024 |
        1.00000 |      -0.99200 |       0.00610 |       0.00000 |      -2.17745 |      -3.35482 |      62.00110 |      50.67032 |
       -1.00000 |      -0.99200 |       0.00088 |       0.00000 |       0.39698 |      -6.59114 |      61.88169 |      50.55091 |
       -1.00000 |       1.00000 |       0.00134 |       0.00000 |       0.66308 |      -6.42462 |      62.03302 |      50.70226 |
       -1.00000 |       1.00000 |       0.00461 |       0.00000 |      -0.53551 |      -3.55629 |      62.19925 |      50.86848 |
        1.00000 |       1.00000 |       0.00616 |       0.00000 |      -2.93575 |      -3.87230 |      62.32405 |      50.99329 |
        1.00000 |       1.00000 |       0.00974 |       0.00000 |      -3.21152 |      -2.46272 |      62.20258 |      50.87183 |
       -1.00000 |      -0.99200 |       0.01266 |       0.00000 |      -0.43387 |       1.00990 |      61.90752 |      50.57677 |
       -1.00000 |      -0.99200 |       0.01089 |       0.00000 |       1.67045 |       0.13669 |      61.65184 |      50.32111 |
       -1.00000 |       1.00000 |       0.00800 |       0.00000 |       1.57094 |      -3.24079 |      61.49654 |      50.16581 |
       -0.31285 |       1.00000 |       0.00919 |       0.00000 |       0.04306 |      -2.49113 |      61.43801 |      50.10728 |
        1.00000 |      -0.99200 |       0.00900 |       0.00000 |      -1.41570 |       0.47082 |      61.29108 |      49.96035 |
       -1.00000 |      -0.99200 |       0.00684 |       0.00000 |      -0.53705 |      -0.91656 |      61.17696 |      49.84624 |
       -1.00000 |       1.00000 |       0.00495 |       0.00000 |      -0.09605 |      -4.29223 |      61.14401 |      49.81330 |
       -1.00000 |       1.00000 |       0.00649 |       0.00000 |      -0.95997 |      -3.60197 |      61.17355 |      49.84284 |
        1.00000 |      -0.99200 |       0.00595 |       0.00000 |      -2.70608 |      -0.53166 |      61.16973 |      49.83904 |
        1.00000 |       1.00000 |       0.00494 |       0.00000 |      -2.07926 |      -1.54848 |      61.15616 |      49.82546 |
       -1.00000 |       1.00000 |       0.00656 |       0.00000 |       1.13748 |       0.12628 |      61.06884 |      49.73815 |
       -1.00000 |      -0.99200 |       0.00932 |       0.00000 |       3.19174 |       3.23326 |      60.98769 |      49.65701 |
       -1.00000 |      -0.99200 |       0.00765 |       0.00000 |       3.12700 |       1.90843 |      60.84508 |      49.51440 |
       -1.00000 |       1.00000 |       0.00654 |       0.00000 |       1.61633 |      -1.16736 |      60.77409 |      49.44341 |
        1.00000 |       1.00000 |       0.00731 |       0.00000 |      -0.66204 |       0.05081 |      60.72352 |      49.39285 |
        1.00000 |      -0.99200 |       0.00627 |       0.00000 |      -0.59092 |       3.02033 |      60.66631 |      49.33564 |
        1.00000 |      -0.99200 |       0.00324 |       0.00000 |       2.05811 |       1.93688 |      60.81019 |      49.47953 |
       -1.00000 |      -0.68762 |      -0.00213 |       0.00000 |       4.59893 |      -0.84986 |      61.05939 |      49.72873 |
       -1.00000 |       1.00000 |      -0.00168 |       0.00000 |       4.85442 |       0.00606 |      61.37097 |      50.04032 |
       -1.00000 |      -0.99200 |       0.00140 |       0.00000 |       3.27709 |       3.54544 |      61.52034 |      50.18970 |
        1.00000 |      -0.99200 |       0.00202 |       0.00000 |       1.00033 |       2.58176 |      61.51749 |      50.18686 |
        1.00000 |       1.00000 |       0.00426 |       0.00000 |       1.02700 |      -0.39438 |      61.57294 |      50.24230 |
       -1.00000 |       1.00000 |       0.00636 |       0.00000 |       3.77437 |       1.18388 |      61.55644 |      50.22581 |
       -1.00000 |      -0.99200 |       0.00898 |       0.00000 |       5.38763 |       4.10164 |      61.49826 |      50.16763 |
       -1.00000 |      -0.99200 |       0.00759 |       0.00000 |       5.07006 |       2.37349 |      61.34554 |      50.01492 |
       -1.00000 |       1.00000 |       0.00737 |       0.00000 |       3.46019 |      -0.67532 |      61.24437 |      49.91376 |
        1.00000 |       1.00000 |       0.00818 |       0.00000 |       1.25686 |       0.78440 |      61.13068 |      49.80007 |
       -0.94913 |      -0.99200 |       0.00678 |       0.00000 |       1.51130 |       3.70543 |      61.04809 |      49.71749 |
       -1.00000 |      -0.99200 |       0.00465 |       0.00000 |       1.62795 |       2.23681 |      61.04402 |      49.71342 |
       -1.00000 |       1.00000 |       0.00496 |       0.00000 |       0.72051 |      -0.73629 |      61.05951 |      49.72891 |
       -1.00000 |       1.00000 |       0.00579 |       0.00000 |      -0.97276 |       0.71588 |      61.03752 |      49.70693 |
        1.00000 |      -0.99200 |       0.00242 |       0.00000 |      -2.99772 |       3.77233 |      60.98915 |      49.65857 |
        0.33967 |      -0.99200 |       0.00023 |       0.00000 |      -2.21530 |       2.05023 |      61.20122 |      49.87064 |
       -1.00000 |       1.00000 |      -0.00111 |       0.00000 |      -0.08770 |      -0.65408 |      61.43760 |      50.10703 |
       -1.00000 |       1.00000 |       0.00080 |       0.00000 |       0.93887 |       1.00186 |      61.63653 |      50.30597 |
       -1.00000 |      -0.99200 |       0.00252 |       0.00000 |       0.29383 |       4.17177 |      61.72091 |      50.39035 |
       -1.00000 |      -0.99200 |       0.00293 |       0.00000 |      -1.51559 |       2.23907 |      61.71453 |      50.38398 |
        1.00000 |       1.00000 |       0.00673 |       0.00000 |      -3.40321 |      -0.30853 |      61.69432 |      50.36377 |
        0.36994 |       1.00000 |       0.00817 |       0.00000 |      -2.20186 |       1.96852 |      61.59990 |      50.26936 |
       -1.00000 |      -0.99200 |       0.00808 |       0.00000 |       0.04537 |       4.04709 |      61.58307 |      50.25253 |
       -1.00000 |      -0.99200 |       0.00538 |       0.00000 |       0.52413 |       1.42205 |      61.55285 |      50.22232 |
       -1.00000 |       1.00000 |       0.00531 |       0.00000 |      -0.51360 |      -0.77264 |      61.56253 |      50.23200 |
        0.06946 |       1.00000 |       0.00579 |       0.00000 |      -1.97033 |       1.64555 |      61.53234 |      50.20182 |
        1.00000 |      -0.99200 |       0.00379 |       0.00000 |      -1.70392 |       3.19954 |      61.55815 |      50.22763 |
       -1.00000 |      -0.99200 |       0.00062 |       0.00000 |       0.36615 |       0.35427 |      61.75975 |      50.42924 |
       -1.00000 |       1.00000 |       0.00009 |       0.00000 |       0.70433 |      -1.41108 |      61.95340 |      50.62290 |
       -1.00000 |       1.00000 |       0.00216 |       0.00000 |      -0.26549 |       0.98269 |      62.09715 |      50.76665 |
        0.37672 |      -0.99200 |       0.00177 |       0.00000 |      -1.73777 |       3.15524 |      62.15170 |      50.82121 |
        0.35455 |      -0.99200 |       0.00176 |       0.00000 |      -1.42216 |       0.83874 |      62.28111 |      50.95062 |
       -1.00000 |       1.00000 |       0.00169 |       0.00000 |      -0.03190 |      -1.77810 |      62.40567 |      51.07520 |
       -1.00000 |       1.00000 |       0.00443 |       0.00000 |       0.06195 |       0.39755 |      62.46704 |      51.13657 |
       -1.00000 |      -0.99200 |       0.00526 |       0.00000 |      -1.13793 |       2.92905 |      62.40774 |      51.07727 |
        1.00000 |      -0.99200 |       0.00592 |       0.00000 |      -2.33326 |       0.41245 |      62.33288 |      51.00242 |
       -1.00000 |       1.00000 |       0.00719 |       0.00000 |      -1.36634 |      -1.21649 |      62.26269 |      50.93224 |
       -1.00000 |       1.00000 |       0.00855 |       0.00000 |      -1.59366 |       1.45872 |      62.13492 |      50.80447 |
       -1.00000 |      -0.99200 |       0.00694 |       0.00000 |      -2.86106 |       3.07868 |      61.95827 |      50.62783 |
        1.00000 |      -0.99200 |       0.00697 |       0.00000 |      -4.09837 |       0.30183 |      61.83236 |      50.50192 |
        1.00000 |       1.00000 |       0.00728 |       0.00000 |      -2.04063 |      -1.43694 |      61.69821 |      50.36777 |
       -1.00000 |       1.00000 |       0.00833 |       0.00000 |       1.44983 |       1.23574 |      61.56372 |      50.23329 |
       -1.00000 |      -0.99200 |       0.00842 |       0.00000 |       2.76221 |       2.84495 |      61.44424 |      50.11382 |
       -1.00000 |      -0.99200 |       0.00509 |       0.00000 |       2.01830 |       0.04296 |      61.37446 |      50.04404 |
       -1.00000 |       1.00000 |       0.00498 |       0.00000 |       0.13279 |      -1.86698 |      61.43409 |      50.10368 |
        1.00000 |       1.00000 |       0.00454 |       0.00000 |      -1.53729 |       0.52729 |      61.47522 |      50.14482 |
        1.00000 |      -0.99200 |       0.00266 |       0.00000 |      -0.13303 |       2.42154 |      61.58039 |      50.24998 |
       -1.00000 |      -0.99200 |      -0.00206 |       0.00000 |       3.12089 |      -0.00928 |      61.85709 |      50.52669 |
       -1.00000 |       1.00000 |      -0.00521 |       0.00000 |       4.50584 |      -2.08521 |      62.22103 |      50.89064 |
       -1.00000 |       1.00000 |      -0.00194 |       0.00000 |       3.98496 |       0.24766 |      62.54156 |      51.21118 |
       -1.00000 |      -0.99200 |       0.00032 |       0.00000 |       2.11149 |       2.88512 |      62.68559 |      51.35521 |
        1.00000 |      -0.99200 |       0.00254 |       0.00000 |       0.01159 |       0.65010 |      62.74622 |      51.41585 |
        1.00000 |       1.00000 |       0.00532 |       0.00000 |       1.12192 |      -2.01594 |      62.74819 |      51.41782 |
       -1.00000 |       1.00000 |       0.00819 |       0.00000 |       4.19939 |       0.28876 |      62.60236 |      51.27200 |
       -1.00000 |      -0.99200 |       0.01048 |       0.00000 |       5.21759 |       2.52193 |      62.43824 |      51.10789 |
       -1.00000 |      -0.99200 |       0.00916 |       0.00000 |       4.61309 |       0.37576 |      62.24282 |      50.91247 |
       -1.00000 |       1.00000 |       0.01010 |       0.00000 |       2.66824 |      -1.85964 |      62.10341 |      50.77306 |
        1.00000 |       1.00000 |       0.00984 |       0.00000 |       0.86935 |       0.70889 |      61.92458 |      50.59425 |
       -1.00000 |      -0.99200 |       0.00765 |       0.00000 |       1.70660 |       2.85876 |      61.79821 |      50.46788 |
       -1.00000 |      -0.99200 |       0.00573 |       0.00000 |       1.55063 |       0.17192 |      61.74097 |      50.41064 |
       -1.00000 |       1.00000 |       0.00701 |       0.00000 |       0.39529 |      -1.59016 |      61.71935 |      50.38903 |
       -1.00000 |       1.00000 |       0.00602 |       0.00000 |      -1.58297 |       1.16341 |      61.65997 |      50.32965 |
        1.00000 |      -0.99200 |       0.00159 |       0.00000 |      -2.80206 |       2.70753 |      61.67742 |      50.34711 |
       -1.00000 |      -0.99200 |       0.00030 |       0.00000 |      -1.65612 |      -0.11649 |      61.88133 |      50.55103 |
       -1.00000 |       1.00000 |       0.00208 |       0.00000 |      -1.61964 |      -1.78594 |      62.05064 |      50.72034 |
       -1.00000 |       1.00000 |       0.00298 |       0.00000 |      -2.69996 |       1.11385 |      62.15080 |      50.82051 |
       -0.71757 |      -0.99200 |       0.00101 |       0.00000 |      -4.29301 |       2.17261 |      62.21943 |      50.88914 |
        1.00000 |      -0.99200 |       0.00229 |       0.00000 |      -4.65687 |      -0.80364 |      62.32875 |      50.99847 |
       -1.00000 |       1.00000 |       0.00429 |       0.00000 |      -3.25671 |      -1.91724 |      62.35255 |      51.02227 |
       -1.00000 |       1.00000 |       0.00600 |       0.00000 |      -3.18117 |       1.00026 |      62.33148 |      51.00121 |
       -1.00000 |      -0.99200 |       0.00491 |       0.00000 |      -4.18855 |       2.16479 |      62.27322 |      50.94296 |
        1.00000 |      -0.99200 |       0.00536 |       0.00000 |      -4.76094 |      -0.83387 |      62.24344 |      50.91319 |
       -0.74468 |       1.00000 |       0.00627 |       0.00000 |      -3.33525 |      -2.15178 |      62.16829 |      50.83804 |
       -1.00000 |       1.00000 |       0.00766 |       0.00000 |      -3.03499 |       0.62772 |      62.07515 |      50.74490 |
       -1.00000 |      -0.99200 |       0.00661 |       0.00000 |      -3.93675 |       2.44232 |      61.94761 |      50.61737 |
        1.00000 |      -0.99200 |       0.00602 |       0.00000 |      -4.80339 |      -0.19054 |      61.87123 |      50.54099 |
        1.00000 |       1.00000 |       0.00565 |       0.00000 |      -2.83092 |      -2.03837 |      61.78730 |      50.45707 |
       -1.00000 |       1.00000 |       0.00710 |       0.00000 |       0.99010 |       0.61915 |      61.66737 |      50.33714 |
       -1.00000 |      -0.99200 |       0.00849 |       0.00000 |       2.41773 |       2.72512 |      61.57730 |      50.24708 |
       -1.00000 |      -0.99200 |       0.00519 |       0.00000 |       1.76924 |       0.14962 |      61.50129 |      50.17108 |
       -1.00000 |       1.00000 |       0.00499 |       0.00000 |      -0.21112 |      -2.04171 |      61.56552 |      50.23531 |
        1.00000 |       1.00000 |       0.00472 |       0.00000 |      -2.19021 |       0.44394 |      61.61017 |      50.27997 |
        1.00000 |      -0.99200 |       0.00284 |       0.00000 |      -0.84875 |       2.60465 |      61.71060 |      50.38040 |
       -1.00000 |      -0.99200 |      -0.00165 |       0.00000 |       2.37391 |       0.13131 |      61.98327 |      50.65308 |
       -1.00000 |       1.00000 |      -0.00432 |       0.00000 |       3.64322 |      -2.01354 |      62.32392 |      50.99374 |
       -1.00000 |       1.00000 |      -0.00063 |       0.00000 |       2.95416 |       0.60531 |      62.62265 |      51.29247 |
       -1.00000 |      -0.99200 |       0.00104 |       0.00000 |       0.95399 |       2.81046 |      62.71935 |      51.38918 |
        1.00000 |      -0.99200 |       0.00349 |       0.00000 |      -0.88956 |       0.27901 |      62.75816 |      51.42799 |
        1.00000 |       1.00000 |       0.00622 |       0.00000 |       0.48830 |      -1.89946 |      62.71906 |      51.38889 |
       -1.00000 |       1.00000 |       0.00903 |       0.00000 |       3.85710 |       0.58716 |      62.55188 |      51.22173 |
       -1.00000 |      -0.99200 |       0.01108 |       0.00000 |       5.20223 |       2.61551 |      62.36592 |      51.03577 |
       -1.00000 |      -0.99200 |       0.00905 |       0.00000 |       4.66361 |       0.07690 |      62.16280 |      50.83266 |
       -1.00000 |       1.00000 |       0.00961 |       0.00000 |       2.81156 |      -2.14437 |      62.05235 |      50.72221 |
        1.00000 |       1.00000 |       0.00933 |       0.00000 |       1.03702 |       0.37283 |      61.90820 |      50.57806 |
       -1.00000 |      -0.99200 |       0.00714 |       0.00000 |       1.81601 |       2.50880 |      61.80017 |      50.47005 |
       -1.00000 |      -0.99200 |       0.00524 |       0.00000 |       1.66475 |      -0.03419 |      61.76564 |      50.43552 |
       -1.00000 |       1.00000 |       0.00656 |       0.00000 |       0.48774 |      -2.28119 |      61.77573 |      50.44561 |
        0.83606 |       1.00000 |       0.00620 |       0.00000 |      -0.63586 |       0.08077 |      61.74810 |      50.41798 |
       -1.00000 |      -0.99200 |       0.00411 |       0.00000 |       0.37481 |       2.13854 |      61.76448 |      50.43438 |
       -1.00000 |      -0.99200 |       0.00254 |       0.00000 |       0.39422 |      -0.43071 |      61.84925 |      50.51915 |
       -1.00000 |       1.00000 |       0.00425 |       0.00000 |      -0.69396 |      -3.19728 |      61.97148 |      50.64138 |
        1.00000 |       1.00000 |       0.00498 |       0.00000 |      -1.77988 |      -0.97403 |      62.02769 |      50.69761 |
       -1.00000 |      -0.99200 |       0.00384 |       0.00000 |      -0.47355 |       1.05185 |      62.05346 |      50.72337 |
       -1.00000 |      -0.99200 |       0.00270 |       0.00000 |      -0.27082 |      -1.64208 |      62.14048 |      50.81040 |
       -1.00000 |       1.00000 |       0.00494 |       0.00000 |      -1.31041 |      -3.95940 |      62.26052 |      50.93045 |
        1.00000 |       1.00000 |       0.00604 |       0.00000 |      -2.37614 |      -1.35879 |      62.29285 |      50.96278 |
       -1.00000 |      -0.99200 |       0.00557 |       0.00000 |      -1.03487 |       0.80803 |      62.25361 |      50.92355 |
       -1.00000 |      -0.99200 |       0.00465 |       0.00000 |      -0.82809 |      -1.85066 |      62.26210 |      50.93205 |
       -1.00000 |       1.00000 |       0.00693 |       0.00000 |      -1.89649 |      -4.11269 |      62.30670 |      50.97665 |
        1.00000 |       1.00000 |       0.00811 |       0.00000 |      -2.65936 |      -1.59065 |      62.24790 |      50.91786 |
       -1.00000 |      -0.99200 |       0.00728 |       0.00000 |      -1.32193 |      -0.01197 |      62.12195 |      50.79192 |
       -1.00000 |       0.54619 |       0.00739 |       0.00000 |      -1.31131 |      -1.61167 |      62.04713 |      50.71711 |
       -1.00000 |       1.00000 |       0.00848 |       0.00000 |      -2.51325 |       0.17780 |      61.94095 |      50.61093 |
        1.00000 |      -0.99200 |       0.00606 |       0.00000 |      -3.35963 |       1.51887 |      61.83614 |      50.50613 |
       -1.00000 |      -0.99200 |       0.00411 |       0.00000 |      -2.03976 |      -1.42544 |      61.84831 |      50.51830 |
       -1.00000 |       1.00000 |       0.00498 |       0.00000 |      -2.02562 |      -3.13930 |      61.88367 |      50.55366 |
       -1.00000 |       1.00000 |       0.00589 |       0.00000 |      -3.16664 |      -0.37959 |      61.89328 |      50.56328 |
        1.00000 |      -0.99200 |       0.00356 |       0.00000 |      -4.29165 |       1.79865 |      61.88511 |      50.55511 |
        1.00000 |      -0.99200 |       0.00174 |       0.00000 |      -2.14624 |      -0.87777 |      61.99290 |      50.66292 |
       -1.00000 |       1.00000 |      -0.00113 |       0.00000 |       1.46835 |      -2.47075 |      62.08637 |      50.75639 |
       -1.00000 |       1.00000 |       0.00298 |       0.00000 |       2.61611 |       0.50649 |      62.21350 |      50.88352 |
       -1.00000 |      -0.99200 |       0.00547 |       0.00000 |       1.76378 |       2.28387 |      62.18432 |      50.85435 |
       -0.76570 |      -0.99200 |       0.00642 |       0.00000 |      -0.30522 |      -0.69871 |      62.11197 |      50.78201 |
        1.00000 |       1.00000 |       0.01010 |       0.00000 |      -1.57939 |      -2.41007 |      62.00512 |      50.67516 |
        1.00000 |       1.00000 |       0.01139 |       0.00000 |       0.45441 |       0.28732 |      61.74657 |      50.41662 |
       -1.00000 |      -0.99200 |       0.01156 |       0.00000 |       3.84991 |       2.00784 |      61.56775 |      50.23781 |
       -1.00000 |      -0.99200 |       0.00663 |       0.00000 |       5.13699 |      -0.60273 |      61.45593 |      50.12599 |
       -1.00000 |       1.00000 |       0.00442 |       0.00000 |       4.46017 |      -2.82617 |      61.49931 |      50.16938 |
       -1.00000 |       1.00000 |       0.00530 |       0.00000 |       2.42976 |      -0.13539 |      61.55534 |      50.22541 |
        1.00000 |      -0.99200 |       0.00272 |       0.00000 |       0.51554 |       2.03942 |      61.55404 |      50.22412 |
        1.00000 |      -0.99200 |       0.00117 |       0.00000 |       2.04587 |      -0.63369 |      61.69180 |      50.36189 |
       -1.00000 |       1.00000 |      -0.00114 |       0.00000 |       5.10634 |      -2.37721 |      61.80653 |      50.47662 |
       -1.00000 |       1.00000 |       0.00233 |       0.00000 |       6.26029 |       0.44173 |      61.95394 |      50.62403 |
       -1.00000 |      -0.99200 |       0.00420 |       0.00000 |       5.43356 |       1.97041 |      61.97148 |      50.64157 |
       -1.00000 |      -0.99200 |       0.00536 |       0.00000 |       3.34900 |      -1.14845 |      61.96463 |      50.63474 |
        1.00000 |       1.00000 |       0.00942 |       0.00000 |       1.79555 |      -2.89838 |      61.91614 |      50.58625 |
       -1.00000 |       1.00000 |       0.01035 |       0.00000 |       2.59606 |      -0.09816 |      61.68283 |      50.35294 |
       -1.00000 |      -0.99200 |       0.00831 |       0.00000 |       2.30806 |       0.88436 |      61.50321 |      50.17333 |
       -1.00000 |       1.00000 |       0.00942 |       0.00000 |       1.06268 |       0.07412 |      61.35710 |      50.02723 |
       -1.00000 |       1.00000 |       0.00818 |       0.00000 |      -0.76738 |       2.93243 |      61.16023 |      49.83036 |
        1.00000 |      -0.99200 |       0.00316 |       0.00000 |      -1.77170 |       4.25997 |      61.08830 |      49.75844 |
       -1.00000 |      -0.99200 |       0.00138 |       0.00000 |      -0.24082 |       1.10601 |      61.28954 |      49.95969 |
       -1.00000 |       1.00000 |       0.00270 |       0.00000 |      -0.00839 |      -0.15400 |      61.41958 |      50.08973 |
       -1.00000 |       1.00000 |       0.00336 |       0.00000 |      -0.87956 |       2.67620 |      61.46917 |      50.13933 |
       -1.00000 |      -0.99200 |       0.00111 |       0.00000 |      -2.62162 |       3.81293 |      61.47472 |      50.14488 |
        1.00000 |      -0.99200 |       0.00224 |       0.00000 |      -3.29874 |       0.62873 |      61.56170 |      50.23187 |
       -1.00000 |       1.00000 |       0.00450 |       0.00000 |      -2.39396 |       0.17016 |      61.61704 |      50.28722 |
       -1.00000 |       1.00000 |       0.00518 |       0.00000 |      -2.67871 |       3.24074 |      61.60486 |      50.27504 |
       -1.00000 |      -0.99200 |       0.00307 |       0.00000 |      -3.88399 |       4.26511 |      61.55304 |      50.22322 |
        1.00000 |      -0.99200 |       0.00346 |       0.00000 |      -4.30099 |       1.26460 |      61.58321 |      50.25340 |
       -1.00000 |       1.00000 |       0.00460 |       0.00000 |      -2.95206 |       0.18777 |      61.63279 |      50.30299 |
       -1.00000 |       1.00000 |       0.00557 |       0.00000 |      -2.97459 |       3.13882 |      61.61713 |      50.28734 |
       -1.00000 |      -0.99200 |       0.00365 |       0.00000 |      -4.10173 |       4.19280 |      61.54902 |      50.21922 |
        1.00000 |      -0.99200 |       0.00354 |       0.00000 |      -4.60857 |       1.31748 |      61.56329 |      50.23350 |
       -1.00000 |       1.00000 |       0.00367 |       0.00000 |      -3.05370 |      -0.45160 |      61.63163 |      50.30185 |
       -1.00000 |       1.00000 |       0.00483 |       0.00000 |      -2.92808 |       2.39648 |      61.65155 |      50.32177 |
       -1.00000 |      -0.99200 |       0.00325 |       0.00000 |      -4.07133 |       4.00235 |      61.60632 |      50.27656 |
        1.00000 |      -0.99200 |       0.00306 |       0.00000 |      -4.89151 |       0.88254 |      61.63215 |      50.30239 |
        0.60676 |       1.00000 |       0.00302 |       0.00000 |      -2.60075 |      -0.89367 |      61.69222 |      50.36246 |
       -1.00000 |       1.00000 |       0.00508 |       0.00000 |       0.42163 |       1.96394 |      61.73900 |      50.40925 |
       -1.00000 |      -0.99200 |       0.00538 |       0.00000 |       1.12135 |       2.89828 |      61.73712 |      50.40738 |
       -1.00000 |      -0.99200 |       0.00341 |       0.00000 |       0.02683 |      -0.25772 |      61.75012 |      50.42038 |
        1.00000 |       1.00000 |       0.00487 |       0.00000 |      -0.65258 |      -1.24374 |      61.79564 |      50.46590 |
       -1.00000 |       1.00000 |       0.00625 |       0.00000 |       0.47592 |       1.78643 |      61.76595 |      50.43622 |
       -1.00000 |      -0.99200 |       0.00532 |       0.00000 |       0.16785 |       3.02948 |      61.70670 |      50.37698 |
       -1.00000 |      -0.99200 |       0.00449 |       0.00000 |      -1.25006 |       0.07890 |      61.67994 |      50.35022 |
        1.00000 |       1.00000 |       0.00685 |       0.00000 |      -2.48229 |      -1.96566 |      61.67533 |      50.34562 |
        1.00000 |       1.00000 |       0.00728 |       0.00000 |      -0.40666 |       0.69678 |      61.57083 |      50.24112 |
       -1.00000 |      -0.99200 |       0.00735 |       0.00000 |       3.36196 |       2.78685 |      61.59820 |      50.26851 |
       -1.00000 |      -0.99200 |       0.00179 |       0.00000 |       4.90269 |       0.10233 |      61.68851 |      50.35882 |
       -1.00000 |       1.00000 |      -0.00024 |       0.00000 |       4.31393 |      -2.02811 |      61.90785 |      50.57816 |
       -1.00000 |       1.00000 |       0.00128 |       0.00000 |       2.53636 |       0.34747 |      62.09640 |      50.76672 |
        1.00000 |      -0.99200 |      -0.00009 |       0.00000 |       0.66911 |       2.54981 |      62.20972 |      50.88005 |
        1.00000 |      -0.99200 |      -0.00087 |       0.00000 |       2.23075 |      -0.13200 |      62.45995 |      51.13028 |
       -1.00000 |       1.00000 |      -0.00371 |       0.00000 |       5.95856 |      -2.37116 |      62.69136 |      51.36170 |
       -1.00000 |       1.00000 |       0.00039 |       0.00000 |       7.23177 |       0.12216 |      62.90081 |      51.57116 |
       -1.00000 |      -0.99200 |       0.00427 |       0.00000 |       6.66846 |       2.42558 |      62.95213 |      51.62248 |
       -1.00000 |      -0.99200 |       0.00594 |       0.00000 |       4.68339 |      -0.17904 |      62.90154 |      51.57190 |
        1.00000 |       1.00000 |       0.01069 |       0.00000 |       2.79096 |      -2.44325 |      62.80728 |      51.47764 |
       -1.00000 |       1.00000 |       0.01233 |       0.00000 |       3.54636 |       0.11204 |      62.51487 |      51.18523 |
       -1.00000 |      -0.99200 |       0.01103 |       0.00000 |       3.38289 |       2.25412 |      62.22396 |      50.89433 |
       -1.00000 |      -0.99200 |       0.01012 |       0.00000 |       2.19630 |      -0.36975 |      61.98965 |      50.66003 |
       -1.00000 |       1.00000 |       0.01231 |       0.00000 |       0.36683 |      -2.60596 |      61.80951 |      50.47990 |
        1.00000 |       1.00000 |       0.01026 |       0.00000 |      -1.06451 |      -0.05542 |      61.59525 |      50.26564 |
       -1.00000 |      -0.99200 |       0.00620 |       0.00000 |       0.30968 |       2.02058 |      61.50003 |      50.17043 |